
1000 
3200 
6800 
12400 
20400 
31200 
45200 
63600 
87000 
117000 
153300 
198900 
254800 
322000 
404500 
503700 
622700 
764900 
935900 
1137900 
1379400 
1665400 
2003500 
2401900 
2869400 
3420600 
4065900 
4824700 
5712100 
6750100 
7962200 
9376600 
11023300 
12940900 
15170400 
17762400 
20774200 
24270200 
28322300 
33022300 
38463000 
44763000 
52051500 
60477500 
70215500 
81467100 
94457900 
109448300 
126740400 
146680400 
169666100 
196149700 
226651200 
261767400 
302186900 
348689300 
402178100 
463681300 
534375100 
615615100 
708945100 
816136900 
939220000 
1080512800 
1242668300 
1428722300 
1642144100 
1886916900 
2167574400 
2489315400 
2858075200 
3280643200 
3764779200 
4319350000 
4954480000 
5681746800 
6514370900 
7467460700 
8558261100 
9806469100 
11234572000 
12868249800 
14736820500 
16873746900 
19317216400 
22110823200 
25304306100 
28954422900 
33125924100 
37892684100 
43338979500 
49560921100 
56668139200 
64785650200 
74056016200 
84641801800 
96728341300 
110526937300 
126278461000 
144257471000 
164776913800 
185499519400 
206425287800 
227554219000 
248886313000 
270421569800 
292159989400 
314101571800 
336246317000 
358594225000 
381145295800 
403899529400 
426856925800 
450017485000 
473381207000 
496948091800 
520718139400 
544691349800 
568867723000 
593247259000 
617829957800 
642615819400 
667604843800 
692797031000 
718192381000 
743790893800 
769592569400 
795597407800 
821805409000 
848216573000 
874830899800 
901648389400 
928669041800 
955892857000 
983319835000 
1010949975800 
1038783279400 
1066819745800 
1095059375000 
1123502167000 
1152148121800 
1180997239400 
1210049519800 
1239304963000 
1268763569000 
1298425337800 
1328290269400 
1358358363800 
1388629621000 
1419104041000 
1449781623800 
1480662369400 
1511746277800 
1543033349000 
1574523583000 
1606216979800 
1638113539400 
1670213261800 
1702516147000 
1735022195000 
1767731405800 
1800643779400 
1833759315800 
1867078015000 
1900599877000 
1934324901800 
1968253089400 
2002384439800 
2036718953000 
2071256629000 
2105997467800 
2140941469400 
2176088633800 
2211438961000 
2246992451000 
2282749103800 
2318708919400 
2354871897800 
2391238039000 
2427807343000 
2464579809800 
2501555439400 
2538734231800 
2576116187000 
2613701305000 
2651489585800 
2689481029400 
2727675635800 
2766073405000 
2804674337000 
2843478431800 
2882485689400 
2921696109800 
2961109693000 
3000726439000 
3040546347800 
3080569419400 
3120795653800 
3161225051000 
3201857611000 
3242693333800 
3283732219400 
3324974267800 
3366419479000 




